114200.0000	1491800.0000	123600.0000	1483000.0000
123600.0000	1483000.0000	131800.0000	1474800.0000
131800.0000	1474800.0000	140000.0000	1470600.0000
140000.0000	1470600.0000	145400.0000	1464200.0000
145400.0000	1464200.0000	153000.0000	1460000.0000
153000.0000	1460000.0000	160000.0000	1450600.0000
160000.0000	1450600.0000	163000.0000	1443000.0000
163000.0000	1443000.0000	170000.0000	1440600.0000
170000.0000	1440600.0000	173600.0000	1440000.0000
173600.0000	1440000.0000	182400.0000	1432400.0000
182400.0000	1432400.0000	185400.0000	1423600.0000
185400.0000	1423600.0000	192400.0000	1421200.0000
192400.0000	1421200.0000	193600.0000	1413600.0000
193600.0000	1413600.0000	200000.0000	1404800.0000
200000.0000	1404800.0000	200600.0000	1401200.0000
200600.0000	1401200.0000	201200.0000	1393600.0000
201200.0000	1393600.0000	203600.0000	1384800.0000
203600.0000	1384800.0000	211200.0000	1375400.0000
211200.0000	1375400.0000	215400.0000	1370000.0000
215400.0000	1370000.0000	223000.0000	1360600.0000
223000.0000	1360600.0000	232400.0000	1350600.0000
232400.0000	1350600.0000	241200.0000	1343000.0000
241200.0000	1343000.0000	250000.0000	1332400.0000
250000.0000	1332400.0000	253000.0000	1323000.0000
253000.0000	1323000.0000	260600.0000	1313000.0000
260600.0000	1313000.0000	265400.0000	1310000.0000
265400.0000	1310000.0000	273600.0000	1304800.0000
273600.0000	1304800.0000	282400.0000	1302400.0000
282400.0000	1302400.0000	293000.0000	1300600.0000
293000.0000	1300600.0000	305400.0000	1301200.0000
305400.0000	1301200.0000	320600.0000	1313000.0000
320600.0000	1313000.0000	340000.0000	1333000.0000
340000.0000	1333000.0000	362400.0000	1362400.0000
362400.0000	1362400.0000	390000.0000	1414200.0000
390000.0000	1414200.0000	421200.0000	1480000.0000
421200.0000	1480000.0000	450000.0000	1550000.0000
450000.0000	1550000.0000	470000.0000	1620000.0000
470000.0000	1620000.0000	481800.0000	1660000.0000
481800.0000	1660000.0000	492400.0000	1720000.0000
492400.0000	1720000.0000	510000.0000	1773000.0000
510000.0000	1773000.0000	520000.0000	1820000.0000
