213000.0000	1460600.0000	214800.0000	1470000.0000
214800.0000	1470000.0000	222400.0000	1475400.0000
222400.0000	1475400.0000	232400.0000	1483000.0000
232400.0000	1483000.0000	241200.0000	1484800.0000
241200.0000	1484800.0000	250600.0000	1491800.0000
250600.0000	1491800.0000	252400.0000	1494200.0000
252400.0000	1494200.0000	260600.0000	1500600.0000
260600.0000	1500600.0000	273600.0000	1503600.0000
273600.0000	1503600.0000	282400.0000	1503600.0000
282400.0000	1503600.0000	293600.0000	1504200.0000
293600.0000	1504200.0000	301200.0000	1502400.0000
301200.0000	1502400.0000	310600.0000	1494800.0000
310600.0000	1494800.0000	324800.0000	1491800.0000
324800.0000	1491800.0000	335400.0000	1474200.0000
335400.0000	1474200.0000	343000.0000	1453000.0000
343000.0000	1453000.0000	342400.0000	1434200.0000
342400.0000	1434200.0000	341800.0000	1425400.0000
341800.0000	1425400.0000	345400.0000	1423600.0000
345400.0000	1423600.0000	354200.0000	1422400.0000
354200.0000	1422400.0000	363600.0000	1422400.0000
363600.0000	1422400.0000	374800.0000	1421200.0000
374800.0000	1421200.0000	381200.0000	1414200.0000
381200.0000	1414200.0000	391200.0000	1412400.0000
391200.0000	1412400.0000	402400.0000	1394800.0000
402400.0000	1394800.0000	403600.0000	1380600.0000
403600.0000	1380600.0000	404200.0000	1373600.0000
404200.0000	1373600.0000	404200.0000	1365400.0000
404200.0000	1365400.0000	404200.0000	1363600.0000
404200.0000	1363600.0000	404800.0000	1361800.0000
404800.0000	1361800.0000	404800.0000	1361200.0000
404800.0000	1361200.0000	404800.0000	1355400.0000
404800.0000	1355400.0000	404800.0000	1354200.0000
404800.0000	1354200.0000	404800.0000	1352400.0000
404800.0000	1352400.0000	404800.0000	1351200.0000
404800.0000	1351200.0000	404200.0000	1350000.0000
404200.0000	1350000.0000	405400.0000	1335400.0000
